Feature importances for lgb:
pl_trandur: 652
pl_radj: 583
density_proxy: 525
st_teff: 494
koi_kepmag: 482
depth: 460
pl_orbper: 413
st_rad: 396
st_logg: 387
koi_impact: 361
transit_shape_proxy: 347
habitability_proxy: 346
st_dist: 248
pl_eqt: 171
pl_insol: 135

Feature importances for rf:
pl_radj: 0.1314454998414149
density_proxy: 0.1062712156604561
depth: 0.0824542395769799
koi_kepmag: 0.07405496781529379
habitability_proxy: 0.07258755645989962
pl_orbper: 0.07126762375816867
transit_shape_proxy: 0.07120625855819429
koi_impact: 0.07097653080329139
pl_trandur: 0.06924077868463567
st_teff: 0.054614186994749694
st_rad: 0.051880876750094417
st_logg: 0.04943871556554254
pl_insol: 0.035044667602266974
pl_eqt: 0.03207133887440754
st_dist: 0.027445543054604497

Feature importances for xgb:
pl_radj: 0.25643646717071533
pl_insol: 0.08132424205541611
pl_eqt: 0.07553224265575409
habitability_proxy: 0.07409890741109848
density_proxy: 0.06772440671920776
transit_shape_proxy: 0.05973873287439346
koi_impact: 0.058729372918605804
pl_orbper: 0.056406840682029724
depth: 0.054039474576711655
st_dist: 0.04864557832479477
pl_trandur: 0.039114199578762054
koi_kepmag: 0.036973737180233
st_logg: 0.032187242060899734
st_teff: 0.030028127133846283
st_rad: 0.029020439833402634

