Feature importances for lgb:
pl_trandur: 352
density_proxy: 283
pl_radj: 275
koi_kepmag: 247
st_dist: 233
pl_orbper: 213
depth: 196
pl_insol: 196
koi_impact: 165
st_rad: 160
st_teff: 156
st_logg: 153
transit_shape_proxy: 140
habitability_proxy: 133
pl_eqt: 98

Feature importances for rf:
pl_radj: 0.10064405311434857
density_proxy: 0.0900802889730378
st_dist: 0.08001378565056484
habitability_proxy: 0.07308847358617507
depth: 0.0717071037877855
pl_trandur: 0.07083593076147432
koi_kepmag: 0.068634379327079
pl_insol: 0.06852537302431327
pl_orbper: 0.06436305597858041
transit_shape_proxy: 0.0586677952288449
pl_eqt: 0.05511034424186051
koi_impact: 0.05320927532950491
st_teff: 0.05054707763396982
st_rad: 0.04958197162732869
st_logg: 0.04499109173513241

Feature importances for xgb:
pl_radj: 0.22740711271762848
habitability_proxy: 0.10029479116201401
pl_insol: 0.08986400067806244
st_dist: 0.08290643990039825
depth: 0.07755575329065323
pl_orbper: 0.06747069209814072
density_proxy: 0.06260649859905243
transit_shape_proxy: 0.04831864312291145
koi_kepmag: 0.04186645895242691
pl_trandur: 0.041185926645994186
koi_impact: 0.03632297366857529
st_logg: 0.03341296687722206
st_rad: 0.03271304443478584
st_teff: 0.029185110703110695
pl_eqt: 0.02888953872025013

