Feature importances for lgb:
pl_trandur: 339
density_proxy: 278
pl_radj: 274
st_dist: 242
koi_kepmag: 237
pl_orbper: 214
depth: 191
pl_insol: 183
st_teff: 175
st_logg: 167
koi_impact: 156
habitability_proxy: 156
st_rad: 151
transit_shape_proxy: 131
pl_eqt: 106

Feature importances for rf:
pl_radj: 0.10040671450178246
density_proxy: 0.08995000594886793
st_dist: 0.07700287170328213
depth: 0.07325889658270233
pl_trandur: 0.07014617499830139
habitability_proxy: 0.06918458040447256
pl_insol: 0.06885326191671148
koi_kepmag: 0.06669015882594471
pl_orbper: 0.06620308621004932
transit_shape_proxy: 0.06162206629712864
pl_eqt: 0.05989292554717286
koi_impact: 0.05225857115957262
st_teff: 0.05005917798001307
st_rad: 0.04996162376962399
st_logg: 0.04450988415437444

Feature importances for xgb:
pl_radj: 0.24198400974273682
pl_insol: 0.09660346806049347
habitability_proxy: 0.09055241197347641
st_dist: 0.07705098390579224
pl_orbper: 0.07121457159519196
depth: 0.06980963051319122
density_proxy: 0.06217963993549347
transit_shape_proxy: 0.044220827519893646
koi_kepmag: 0.04167194664478302
pl_trandur: 0.03956935182213783
st_rad: 0.0369613952934742
st_logg: 0.036085017025470734
koi_impact: 0.035986460745334625
pl_eqt: 0.028484808281064034
st_teff: 0.027625424787402153

