Feature importances for lgb:
pl_trandur: 660
koi_kepmag: 536
density_proxy: 501
pl_radj: 461
st_teff: 446
pl_orbper: 392
depth: 392
st_rad: 382
st_dist: 359
transit_shape_proxy: 357
koi_impact: 356
pl_insol: 330
st_logg: 323
habitability_proxy: 305
pl_eqt: 200

Feature importances for rf:
pl_radj: 0.10362101800870097
density_proxy: 0.09291859918219696
depth: 0.07746800887695852
pl_insol: 0.0722435003316883
habitability_proxy: 0.07170455301098672
pl_trandur: 0.07020690862504898
st_dist: 0.06818496751928038
pl_orbper: 0.06740623757151284
koi_kepmag: 0.06414696900699329
transit_shape_proxy: 0.06279004390654419
koi_impact: 0.058795116388994866
pl_eqt: 0.053688051427749746
st_teff: 0.04767708438929922
st_rad: 0.04721931236354592
st_logg: 0.04192962939049895

Feature importances for xgb:
pl_radj: 0.27265411615371704
st_dist: 0.09249196946620941
pl_insol: 0.09144893288612366
habitability_proxy: 0.08950205147266388
depth: 0.06279756128787994
density_proxy: 0.06177971512079239
pl_orbper: 0.061117984354496
pl_trandur: 0.04506797343492508
transit_shape_proxy: 0.039971038699150085
koi_impact: 0.03690202534198761
koi_kepmag: 0.035671476274728775
st_rad: 0.031201835721731186
st_logg: 0.027239304035902023
pl_eqt: 0.027189582586288452
st_teff: 0.024964407086372375

